[0,0,0,0,0,0,0,0,0,0,0,0,0,0],
[0,0,0,0,0,0,0,0,0,0,0,0,0,0],
[0,0,0,0,0,0,0,0,0,0,0,0,0,0],
[0,0,0,0,0,0,0,0,0,0,0,0,0,0],
[0,0,0,0,0,0,0,0,0,0,0,0,0,0],
[0,0,0,0,0,0,0,0,0,0,0,0,0,0],
[0,0,0,0,0,0,0,0,0,0,0,0,0,0],
[0,0,0,0,0,0,0,0,0,0,0,0,0,0],
[0,0,0,0,0,0,0,0,0,0,0,0,0,0],
[0,0,0,0,0,0,0,0,0,0,0,0,0,0],
[0,0,0,0,0,0,0,0,0,0,0,0,0,0],
[0,0,0,0,0,0,0,0,0,0,0,0,0,0],
[0,0,0,0,0,0,0,0,0,0,0,0,0,0],
[0,0,0,0,0,0,0,0,0,0,0,0,0,0],
[0,0,0,0,0,0,0,0,0,0,0,0,0,0],
[0,0,0,0,0,0,0,0,0,0,0,0,0,0],
[0,0,0,0,0,0,0,0,0,0,0,0,0,0],
[0,0,0,0,0,0,0,0,0,0,0,0,0,0],
[0,0,0,0,0,0,0,0,0,0,0,0,0,0],
[0,0,0,0,0,0,0,0,0,0,0,0,0,0],
[0,0,0,0,0,0,0,0,0,0,0,0,0,0],
[0,0,0,0,0,0,0,0,0,0,0,0,0,0],
[0,0,0,0,0,0,0,0,0,0,0,0,0,0],
[0,0,0,0,0,0,0,0,0,0,0,0,0,0],
[0,0,1,0,0,0,0,0,0,0,0,0,0,0],
[0,0,2,0,0,0,0,0,0,0,0,0,0,0],
[0,0,4,0,0,0,0,0,0,0,0,0,0,0],
[0,0,6,0,0,0,0,0,0,0,0,0,0,0],
[0,0,8,0,0,0,0,0,0,0,0,0,0,0],
[0,0,10,0,0,0,0,0,0,0,0,0,0,0],
[0,0,12,0,0,0,0,0,0,0,0,0,0,0],
[0,0,14,0,0,0,0,0,0,0,0,0,0,0],
[0,0,16,0,0,0,0,0,0,0,0,0,0,0],
[0,0,18,0,0,0,0,0,0,0,0,0,0,0],
[0,0,20,0,0,0,0,0,0,0,0,0,0,0],
[0,0,22,0,0,0,0,0,0,0,0,0,0,0],
[0,0,24,0,0,0,0,0,0,0,0,0,0,0],
[0,0,26,0,0,0,0,0,0,0,0,0,0,0],
[0,0,28,0,0,0,0,0,0,0,0,0,0,0],
[0,0,30,0,0,0,0,0,0,0,0,0,0,0],
[0,0,32,0,0,0,0,0,0,0,0,0,0,0],
[0,0,34,0,0,0,0,0,0,0,0,0,0,0],
[0,0,36,1,0,0,0,0,0,0,0,0,0,0],
[0,0,38,2,0,0,0,0,0,0,0,0,0,0],
[0,0,40,4,0,0,0,0,0,0,0,0,0,0],
[0,0,42,6,0,0,0,0,0,0,0,0,0,0],
[0,0,44,8,0,2,0,0,1,0,0,0,0,0],
[0,0,46,10,0,4,0,0,3,0,0,0,0,0],
[0,0,48,12,0,7,0,0,5,0,0,0,0,0],
[0,0,50,14,0,10,0,0,7,0,0,0,0,0],
[1,0,52,16,0,13,0,0,9,0,0,0,0,0],
[3,0,54,18,0,16,0,0,11,0,0,0,0,0],
[6,0,56,20,0,19,0,0,13,0,0,0,0,0],
[9,0,58,22,0,22,0,0,15,0,0,0,0,0],
[12,0,60,24,0,25,0,0,17,0,0,0,0,0],
[15,0,62,26,0,28,0,0,19,0,0,0,0,0],
[18,0,64,28,0,31,1,0,21,0,0,0,0,0],
[21,0,66,30,0,34,2,0,23,0,0,0,0,0],
[24,0,68,32,1,37,4,0,25,0,0,0,0,0],
[27,0,70,34,2,40,6,0,27,0,0,0,0,0],
[30,0,72,36,5,43,8,0,29,0,0,0,0,0],
[33,0,74,38,8,46,10,0,31,0,0,0,0,0],
[36,0,76,40,12,49,12,0,33,0,0,0,0,0],
[39,0,78,42,16,52,14,0,35,0,0,0,0,0],
[42,0,80,44,20,55,16,0,37,0,0,0,0,0],
[45,0,82,46,24,58,18,0,39,0,0,0,0,0],
[48,0,84,48,28,61,20,0,41,0,0,0,0,0],
[51,0,86,50,32,64,22,0,43,0,0,0,0,0],
[54,0,88,52,36,67,24,0,45,0,0,0,0,0],
[57,0,90,54,40,70,26,0,47,0,0,0,0,0],
[60,0,92,56,44,73,28,0,49,0,0,0,0,0],
[63,0,94,58,48,76,30,0,51,0,0,0,0,0],
[66,0,96,60,52,79,32,0,53,0,0,0,0,0],
[69,0,98,62,56,82,34,0,55,0,0,0,0,0],
[72,0,100,64,60,85,36,0,57,0,0,0,0,0],
[75,0,102,66,64,88,38,0,59,0,0,0,0,0],
[78,0,104,68,68,91,40,0,61,0,0,0,0,0],
[81,0,106,70,72,94,42,0,63,0,0,0,0,0],
[84,0,108,72,76,97,44,0,65,0,0,0,0,1],
[87,0,110,74,80,100,46,0,67,0,0,0,0,2],
[90,0,112,76,84,103,48,0,69,0,0,0,0,3],
[93,0,114,78,88,106,50,0,71,0,0,0,0,4],
[96,0,116,80,92,109,52,0,73,0,0,0,0,5],
[99,0,118,82,96,112,54,0,75,0,0,0,0,6],
[102,0,120,84,100,115,56,0,77,0,0,0,0,7],
[105,0,122,86,104,118,58,0,79,0,0,0,0,8],
[108,0,124,88,108,121,60,0,81,0,0,0,0,9],
[111,0,126,90,112,124,62,0,83,0,0,0,0,10],
[114,0,128,92,116,127,64,1,85,0,0,0,0,11],
[117,0,130,94,120,130,66,2,87,0,0,0,0,12],
[120,0,132,96,124,133,68,3,89,0,0,0,0,13],
[123,0,134,98,128,136,70,4,91,0,0,0,0,14],
[126,0,136,100,132,139,72,5,93,0,0,0,0,15],
[129,0,138,102,136,142,74,6,95,0,0,0,0,16],
[132,0,140,104,140,145,76,7,97,0,0,0,0,17],
[135,0,142,106,144,148,78,8,99,0,0,0,0,18],
[138,1,144,108,148,151,80,9,101,0,0,0,0,19],
[141,2,146,110,152,154,82,10,103,0,0,0,0,20],
[144,5,148,112,156,157,84,11,105,0,0,0,0,21],
[147,8,150,114,160,160,86,12,107,0,0,0,0,22],
[150,11,152,116,164,163,88,13,109,0,0,0,0,23],
[153,14,154,118,168,166,90,14,111,0,0,0,0,24],
[156,17,156,120,172,169,92,15,113,0,0,0,0,25],
[159,20,158,122,176,172,94,16,115,0,0,0,0,26],
[162,23,160,124,180,175,96,17,117,0,0,0,0,27],
[165,26,162,126,184,178,98,18,119,0,0,0,0,28],
[168,29,164,128,188,181,100,19,121,0,0,0,0,29],
[171,32,166,130,192,184,102,20,123,0,0,0,0,30],
[174,35,168,132,196,187,104,21,125,0,0,0,0,31],
[177,38,170,134,200,190,106,22,127,0,0,0,0,32],
[180,41,172,136,204,193,108,23,129,0,0,0,0,33],
[183,44,174,138,208,196,110,24,131,0,0,0,0,34],
[186,47,176,140,212,199,112,25,133,0,0,0,0,35],
[189,50,178,142,216,202,114,26,135,0,0,0,0,36],
[192,53,180,144,220,205,116,27,137,0,0,0,0,37],
[195,56,182,146,224,208,118,28,139,0,0,0,0,38],
[198,59,184,148,228,211,120,29,141,0,0,0,0,39],
[201,62,186,150,232,214,122,30,143,0,0,0,0,40],
[204,65,188,152,236,217,124,31,145,0,0,0,0,41],
[207,68,190,154,240,220,126,32,147,0,0,0,0,42],
[210,71,192,156,244,223,128,33,149,0,0,0,0,43],
[213,74,194,158,248,226,130,34,151,0,0,0,0,44],
[216,77,196,160,252,229,132,35,153,0,0,0,0,45],
[219,80,198,162,256,232,134,36,155,0,0,0,0,46],
[222,83,200,164,260,235,136,37,157,1,0,0,0,47],
[225,86,202,166,264,238,138,38,159,2,0,0,0,48],
[228,89,204,168,268,241,140,39,161,3,0,0,0,49],
[231,92,206,170,272,244,142,40,163,4,0,0,0,50],
[234,95,208,172,276,247,144,41,165,5,0,0,0,51],
[237,98,210,174,280,250,146,42,167,6,0,0,0,52],
[240,101,212,176,284,253,148,43,169,7,0,0,0,53],
[243,104,214,178,288,256,150,44,171,8,0,0,0,54],
[246,107,216,180,292,259,152,45,173,9,0,0,0,55],
[249,110,218,182,296,262,154,46,175,10,0,0,0,56],
[252,113,220,184,300,265,156,47,177,11,0,0,0,57],
[255,116,222,186,304,268,158,48,179,12,0,0,0,58],
[258,119,224,188,308,271,160,49,181,13,0,0,0,59],
[261,122,226,190,312,274,162,50,183,14,0,0,0,60],
[264,125,228,192,316,277,164,51,185,15,0,0,0,61],
[267,128,230,194,320,280,166,52,187,16,0,0,0,62],
[270,131,232,196,324,283,168,53,189,17,0,0,0,63],
[273,134,234,198,328,286,170,54,191,18,0,0,0,64],
[276,137,236,200,332,289,172,55,193,19,0,0,0,65],
[279,140,238,202,336,292,174,56,195,20,0,0,0,66],
[282,143,240,204,340,295,176,57,197,21,0,0,0,67],
[285,146,242,206,344,298,178,58,199,22,0,0,0,68],
[288,149,244,208,348,301,180,59,201,23,0,0,0,69],
[291,152,246,210,352,304,182,60,203,24,0,0,0,70],
[294,155,248,212,356,307,184,61,205,25,0,0,0,71],
[297,158,250,214,360,310,186,62,207,26,0,0,0,72],
[300,161,252,216,364,313,188,63,209,27,0,0,0,73],
[303,164,254,218,368,316,190,64,211,28,0,0,0,74],
[306,167,256,220,372,319,192,65,213,29,0,1,0,75],
[309,170,258,222,376,322,194,66,215,30,0,2,0,76],
[312,173,260,224,380,325,196,67,217,31,0,3,0,77],
[315,176,262,226,384,328,198,68,219,32,0,4,0,78],
[318,179,264,228,388,331,200,69,221,33,1,5,0,79],
[321,182,266,230,392,334,202,70,223,34,2,6,0,80],
[324,185,268,232,396,337,204,71,225,35,3,7,0,81],
[327,188,270,234,400,340,206,72,227,36,4,8,0,82],
[330,191,272,236,404,343,208,73,229,37,5,9,0,83],
[333,194,274,238,408,346,210,74,231,38,6,10,0,84],
[336,197,276,240,412,349,212,75,233,39,7,11,0,85],
[339,200,278,242,416,352,214,76,235,40,8,12,0,86],
[342,203,280,244,420,355,216,77,237,41,9,13,0,87],
[345,206,282,246,424,358,218,78,239,42,10,14,0,88],
[348,209,284,248,428,361,220,79,241,43,11,15,0,89],
[351,212,286,250,432,364,222,80,243,44,12,16,0,90],
[354,215,288,252,436,367,224,81,245,45,13,17,0,91],
[357,218,290,254,440,370,226,82,247,46,14,18,0,92],
[360,221,292,256,444,373,228,83,249,47,15,19,0,93],
[363,224,294,258,448,376,230,84,251,48,16,20,0,94],
[366,227,296,260,452,379,232,85,253,49,17,21,0,95],
[369,230,298,262,456,382,234,86,255,50,18,22,0,96],
[372,233,300,264,460,385,236,87,257,51,19,23,0,97],
[375,236,302,266,464,388,238,88,259,52,20,24,0,98],
[378,239,304,268,468,391,240,89,261,53,21,25,0,99],
[381,242,306,270,472,394,242,90,263,54,22,26,0,100],
[384,245,308,272,476,397,244,91,265,55,23,27,0,101],
[387,248,310,274,480,400,246,92,267,56,24,28,0,102],
[390,251,312,276,484,403,248,93,269,57,25,29,0,103],
[393,254,314,278,488,406,250,94,271,58,26,30,0,104],
[396,257,316,280,492,409,252,95,273,59,27,31,0,105],
[399,260,318,282,496,412,254,96,275,60,28,32,0,106],
[402,263,320,284,500,415,256,97,277,61,29,33,1,107],
[405,266,322,286,504,418,258,98,279,62,30,34,2,108],
[408,269,324,288,508,421,260,99,281,63,31,35,3,109],
[411,272,326,290,512,424,262,100,283,64,32,36,4,110],
[414,275,328,292,516,427,264,101,285,65,33,37,5,111],
[417,278,330,294,520,430,266,102,287,66,34,38,6,112],
[420,281,332,296,524,433,268,103,289,67,35,39,7,113],
[423,284,334,298,528,436,270,104,291,68,36,40,8,114],
[426,287,336,300,532,439,272,105,293,69,37,41,9,115],
[429,290,338,302,536,442,274,106,295,70,38,42,10,116],
[432,293,340,304,540,445,276,107,297,71,39,43,11,117],
[435,296,342,306,544,448,278,108,299,72,40,44,12,118],
[438,299,344,308,548,451,280,109,301,73,41,45,13,119],
[441,302,346,310,552,454,282,110,303,74,42,46,14,120],
[444,305,348,312,556,457,284,111,305,75,43,47,15,121],
[447,308,350,314,560,460,286,112,307,76,44,48,16,122],
[450,311,352,316,564,463,288,113,309,77,45,49,17,123],
[453,314,354,318,568,466,290,114,311,78,46,50,18,124],
[456,317,356,320,572,469,292,115,313,79,47,51,19,125],
[459,320,358,322,576,472,294,116,315,80,48,52,20,126],
[462,323,360,324,580,475,296,117,317,81,49,53,21,127],
[465,326,362,326,584,478,298,118,319,82,50,54,22,128],
[468,329,364,328,588,481,300,119,321,83,51,55,23,129],
[471,332,366,330,592,484,302,120,323,84,52,56,24,130],
[474,335,368,332,596,487,304,121,325,85,53,57,25,131],
[477,338,370,334,600,490,306,122,327,86,54,58,26,132],
[480,341,372,336,604,493,308,123,329,87,55,59,27,133],
[483,344,374,338,608,496,310,124,331,88,56,60,28,134],
[486,347,376,340,612,499,312,125,333,89,57,61,29,135],
[489,350,378,342,616,502,314,126,335,90,58,62,30,136],
[492,353,380,344,620,505,316,127,337,91,59,63,31,137],
[495,356,382,346,624,508,318,128,339,92,60,64,32,138],
[498,359,384,348,628,511,320,129,341,93,61,65,33,139],
[501,362,386,350,632,514,322,130,343,94,62,66,34,140],
[504,365,388,352,636,517,324,131,345,95,63,67,35,141],
[507,368,390,354,640,520,326,132,347,96,64,68,36,142],
[510,371,392,356,644,523,328,133,349,97,65,69,37,143],
[513,374,394,358,648,526,330,134,351,98,66,70,38,144],
[516,377,396,360,652,529,332,135,353,99,67,71,39,145],
[519,380,398,362,656,532,334,136,355,100,68,72,40,146],
[522,383,400,364,660,535,336,137,357,101,69,73,41,147],
[525,386,402,366,664,538,338,138,359,102,70,74,42,148],
[528,389,404,368,668,541,340,139,361,103,71,75,43,149],
[531,392,406,370,672,544,342,140,363,104,72,76,44,150],
[534,395,408,372,676,547,344,141,365,105,73,77,45,151],
[537,398,410,374,680,550,346,142,367,106,74,78,46,152],
[540,401,412,376,684,553,348,143,369,107,75,79,47,153],
[543,404,414,378,688,556,350,144,371,108,76,80,48,154],
[546,407,416,380,692,559,352,145,373,109,77,81,49,155],
[549,410,418,382,696,562,354,146,375,110,78,82,50,156],
[552,413,420,384,700,565,356,147,377,111,79,83,51,157],
[555,416,422,386,704,568,358,148,379,112,80,84,52,158],
[558,419,424,388,708,571,360,149,381,113,81,85,53,159],
[561,422,426,390,712,574,362,150,383,114,82,86,54,160],
[564,425,428,392,716,577,364,151,385,115,83,87,55,161],
[567,428,430,394,720,580,366,152,387,116,84,88,56,162],
