[0,0,0,0,0,0,0,0,0,0,0,0,0,0,0,0,0],
[0,0,0,0,0,0,0,0,0,0,0,0,0,0,0,0,0],
[0,0,0,0,0,0,0,0,0,0,0,0,0,0,0,0,0],
[0,0,0,0,0,0,0,0,0,0,0,0,0,0,0,0,0],
[0,0,0,0,0,0,0,0,0,0,0,0,0,0,0,0,0],
[0,0,0,0,0,0,0,0,0,0,0,0,0,0,0,0,0],
[0,0,0,0,0,0,0,0,0,0,0,0,0,0,0,0,0],
[0,0,0,0,0,0,0,0,0,0,0,0,0,0,0,0,0],
[0,0,0,0,0,0,0,0,0,0,0,0,0,0,0,0,0],
[0,0,0,0,0,0,0,0,0,0,0,0,0,0,0,0,0],
[0,0,0,0,0,0,0,0,0,0,0,0,0,0,0,0,0],
[0,0,0,0,0,0,0,0,0,0,0,0,0,0,0,0,0],
[0,0,0,0,0,0,0,0,0,0,0,0,0,0,0,0,0],
[0,0,0,0,0,0,0,0,0,0,0,0,0,0,0,0,0],
[0,0,0,0,0,0,0,0,0,0,0,0,0,0,0,0,0],
[0,0,0,0,0,0,0,0,0,0,0,0,0,0,0,0,0],
[0,0,0,0,0,0,0,0,0,0,0,0,0,0,0,0,0],
[0,0,0,0,0,0,0,0,0,0,0,0,0,0,0,0,0],
[0,0,0,0,0,0,0,0,0,0,0,0,0,0,0,0,0],
[0,0,0,0,0,0,0,0,0,0,0,0,0,0,0,0,0],
[0,0,0,0,0,0,0,0,0,0,0,0,0,0,0,0,0],
[0,0,0,0,0,0,0,0,0,0,0,0,0,0,0,0,0],
[0,0,0,0,0,0,0,0,0,0,0,0,0,0,0,0,0],
[0,0,0,0,0,0,0,0,0,0,0,0,0,0,0,0,0],
[0,0,0,0,0,0,0,0,0,0,0,0,0,0,0,0,0],
[0,0,0,0,0,0,0,0,0,0,0,0,0,0,0,0,0],
[0,0,0,0,0,0,0,0,0,0,0,0,0,0,0,0,0],
[0,0,0,0,0,0,0,0,0,0,0,0,0,0,0,0,0],
[0,0,0,0,0,0,0,0,0,0,0,0,0,0,0,0,0],
[0,0,0,0,0,0,0,0,0,0,0,0,0,0,0,0,0],
[0,0,0,0,0,0,0,0,0,0,0,0,0,0,0,0,0],
[0,0,0,0,0,0,0,0,0,0,0,0,0,0,0,0,0],
[0,0,0,0,0,0,0,0,0,0,0,0,0,0,0,0,0],
[0,0,0,0,0,0,0,0,0,0,0,0,0,0,0,0,0],
[0,0,0,0,0,0,0,0,0,0,0,0,0,0,0,0,0],
[0,0,0,0,0,0,0,0,0,0,0,0,0,0,0,0,0],
[0,0,0,0,0,0,0,0,0,0,0,0,0,0,0,0,0],
[0,0,0,0,0,0,0,0,0,0,0,0,0,0,0,0,0],
[0,0,0,0,0,0,0,0,0,0,0,0,0,0,0,0,0],
[0,0,0,0,0,0,0,0,0,0,0,0,0,0,0,0,0],
[0,0,0,0,0,0,0,0,0,0,0,0,0,0,0,0,0],
[0,0,0,0,0,0,0,0,0,0,0,0,0,0,0,0,0],
[0,0,0,0,0,0,0,0,0,0,0,0,0,0,0,0,0],
[0,0,0,0,0,0,0,0,0,0,0,0,0,0,0,0,0],
[0,0,0,0,0,0,0,0,0,0,0,0,0,0,0,0,0],
[0,0,0,0,0,0,0,0,0,0,0,0,0,0,0,0,0],
[0,0,0,0,0,0,0,0,0,0,0,0,0,0,0,0,0],
[0,0,0,0,0,0,0,0,0,0,0,0,0,0,0,0,0],
[0,0,0,0,0,0,0,0,0,0,0,0,0,0,0,0,0],
[0,0,0,0,0,0,0,0,0,0,0,0,0,0,0,0,0],
[0,0,0,0,0,0,0,0,0,0,0,0,0,0,0,0,0],
[0,0,0,0,0,0,0,0,0,0,0,0,0,0,0,0,0],
[0,0,0,0,0,0,0,0,0,0,0,1,0,0,0,0,0],
[0,0,0,0,0,0,0,0,0,0,0,2,0,0,0,0,0],
[0,0,0,0,0,0,0,0,0,0,0,3,0,0,0,0,0],
[0,0,0,0,0,0,0,0,0,0,0,4,0,0,0,0,0],
[0,0,0,0,0,0,0,0,0,0,0,5,0,0,0,0,0],
[0,0,0,0,0,0,0,0,0,0,0,6,0,0,0,0,0],
[0,0,0,0,0,0,0,0,0,0,0,7,0,0,0,0,0],
[0,0,0,0,0,0,0,0,0,0,0,8,0,0,0,0,0],
[0,0,0,0,0,0,0,0,0,0,0,9,0,0,0,0,0],
[0,0,0,0,0,0,0,0,0,0,0,10,0,0,0,0,0],
[0,0,0,0,0,0,0,0,0,0,0,11,0,0,0,0,0],
[0,0,0,0,0,0,0,0,0,0,0,12,0,0,0,0,0],
[0,0,0,0,0,0,0,0,0,0,0,13,0,0,0,0,0],
[0,0,0,0,0,0,0,0,0,0,0,14,0,0,0,0,0],
[0,0,0,0,0,0,0,0,0,0,0,15,0,0,0,0,0],
[0,0,0,0,0,0,0,0,0,0,0,16,0,0,0,0,0],
[0,0,0,0,0,0,0,0,0,0,0,17,0,0,0,0,0],
[0,0,0,0,0,0,0,0,0,0,0,18,0,0,0,0,0],
[0,0,0,0,0,0,0,0,0,0,0,19,0,0,0,0,0],
[0,0,0,0,0,0,0,0,0,0,0,20,0,0,0,0,0],
[0,0,0,0,0,0,0,0,0,0,0,21,0,0,0,0,0],
[0,0,0,0,0,0,0,0,0,0,0,22,0,0,0,0,0],
[0,0,0,0,0,0,0,0,0,0,0,23,0,0,0,0,0],
[0,0,0,0,0,0,0,0,0,0,0,24,0,0,0,0,0],
[0,0,0,0,0,0,0,0,0,0,0,25,0,0,0,0,0],
[0,0,0,0,0,0,0,0,0,0,0,26,0,0,0,0,0],
[0,0,0,0,0,0,0,0,0,0,0,27,0,0,0,0,0],
[0,0,0,0,0,0,0,0,0,0,0,28,0,0,0,0,0],
[0,0,0,0,0,0,0,0,0,0,0,29,0,0,0,0,0],
[0,0,0,0,0,0,0,0,0,0,0,30,0,0,0,0,0],
[0,0,0,0,0,0,0,0,0,0,0,31,0,0,0,0,0],
[0,0,0,0,0,0,0,0,0,0,0,32,0,0,0,0,0],
[0,0,0,0,0,0,0,0,0,0,0,33,0,0,0,0,0],
[0,0,0,0,0,0,0,0,0,0,0,34,0,0,0,0,0],
[0,0,0,0,0,0,0,0,0,0,0,35,0,0,0,0,0],
[0,0,0,0,0,0,0,0,0,0,0,36,0,0,0,0,0],
[0,0,0,0,0,0,0,0,0,0,0,37,0,0,0,0,0],
[0,0,0,0,0,0,0,0,0,0,0,38,0,0,0,0,0],
[0,0,0,0,0,0,0,0,0,0,0,39,0,0,0,0,0],
[0,0,0,0,0,0,0,0,0,0,0,40,0,0,0,0,0],
[0,0,0,0,0,0,0,0,0,0,0,41,0,0,0,0,0],
[0,0,0,0,0,0,0,0,0,0,0,42,0,0,0,0,0],
[0,0,0,0,0,0,0,0,0,0,0,43,0,0,0,0,0],
[0,0,0,0,0,0,0,0,0,0,0,44,0,0,0,0,0],
[0,0,0,0,0,0,0,0,0,0,0,45,0,0,0,0,0],
[0,0,0,0,0,0,0,0,0,0,0,46,0,0,0,0,0],
[0,0,0,0,0,0,0,0,0,0,0,47,0,0,0,0,0],
[0,0,0,0,0,0,0,0,0,0,0,48,0,0,0,0,0],
[0,0,0,0,0,0,0,0,0,0,0,49,0,0,0,0,0],
[0,0,0,0,0,0,0,0,0,0,0,50,0,0,0,0,0],
[0,0,0,0,0,0,0,0,0,0,0,51,0,0,0,0,0],
[0,0,0,0,0,0,0,0,0,0,0,52,0,0,0,0,0],
[0,0,0,0,0,0,0,0,0,0,1,53,0,0,0,0,0],
[0,0,0,0,0,0,0,0,0,0,2,54,0,0,0,0,0],
[0,0,0,0,0,0,0,0,0,0,3,55,0,0,0,0,0],
[0,0,0,0,0,0,0,0,0,0,4,56,0,0,0,0,0],
[0,0,0,0,0,0,0,0,0,0,5,57,0,0,0,0,0],
[0,0,0,0,0,0,0,0,0,0,6,58,0,0,0,0,0],
[0,0,0,0,0,0,0,0,0,0,7,59,0,0,0,0,0],
[0,0,0,0,0,0,0,0,0,0,8,60,0,0,0,0,0],
[0,0,0,0,0,0,0,0,0,0,9,61,0,0,0,0,0],
[0,0,0,0,0,0,0,0,0,0,10,62,0,0,0,0,0],
[0,0,0,0,0,0,0,0,0,0,11,63,0,0,0,0,0],
[0,0,0,0,0,0,0,0,0,0,12,64,0,0,0,0,0],
[0,0,0,0,0,0,0,0,0,0,13,65,0,0,0,0,0],
[0,0,0,0,0,0,0,0,0,0,14,66,0,0,0,0,0],
[0,0,0,0,0,0,0,0,0,0,15,67,0,0,0,0,0],
[0,0,0,0,0,0,0,0,0,0,16,68,0,0,0,0,0],
[0,0,0,0,0,0,0,0,0,0,17,69,0,0,0,0,0],
[0,0,0,0,0,0,0,0,0,0,18,70,0,0,0,0,0],
[0,0,0,0,0,0,0,0,0,0,19,71,0,0,0,0,0],
[0,0,0,0,0,0,0,0,0,0,20,72,0,0,0,0,0],
[0,0,0,0,0,0,0,0,0,0,21,73,0,0,0,0,0],
[0,0,0,0,0,0,0,0,0,0,22,74,1,0,0,0,0],
[0,0,0,0,0,0,0,0,0,0,23,75,2,0,0,0,0],
[0,0,0,0,0,0,0,0,0,0,24,76,3,0,0,0,0],
[0,0,0,1,0,0,0,0,0,0,25,77,4,0,0,0,0],
[0,0,0,2,0,0,0,0,0,0,26,78,5,0,0,0,0],
[0,0,0,4,0,0,0,0,0,0,27,79,6,0,1,0,0],
[0,0,0,6,0,0,0,0,0,0,28,80,7,0,2,0,0],
[0,0,0,8,0,0,0,0,0,0,29,81,8,0,3,0,0],
[0,0,0,10,0,0,0,0,0,0,30,82,9,0,4,0,0],
[0,0,0,12,0,0,0,0,0,0,31,83,10,0,5,0,0],
[0,0,0,14,0,0,0,0,0,0,32,84,11,0,6,0,0],
[0,0,0,16,0,0,0,0,0,0,33,85,12,0,7,0,0],
[0,0,0,18,0,0,0,0,0,0,34,86,13,0,8,0,0],
[0,0,0,20,0,0,0,1,0,0,35,87,14,0,9,0,0],
[0,0,0,22,0,0,0,3,0,1,36,88,15,1,10,0,0],
[0,0,0,24,0,0,0,5,0,2,37,89,16,2,11,0,0],
[0,0,0,26,0,0,0,8,0,3,38,90,17,3,12,0,0],
[0,0,0,28,0,0,0,11,0,5,39,91,18,4,13,1,0],
[0,1,0,30,0,0,0,14,0,7,40,92,19,5,14,2,0],
[0,2,0,32,0,0,0,17,0,9,41,93,20,6,15,3,0],
[0,3,0,34,0,0,0,20,0,11,42,94,21,7,16,4,0],
[0,5,0,36,0,0,1,23,0,13,43,95,22,8,17,5,0],
[0,7,0,38,0,0,2,26,0,15,44,96,23,9,18,6,0],
[0,9,0,40,0,0,3,29,0,17,45,97,24,10,19,7,0],
[0,11,0,42,0,0,5,32,0,19,46,98,25,11,20,8,0],
[0,13,0,44,0,0,7,35,0,21,47,99,26,12,21,9,0],
[0,15,0,46,0,0,9,38,0,23,48,100,27,13,22,10,0],
[0,17,0,48,0,0,12,41,0,25,49,101,28,14,23,11,0],
[0,19,0,50,0,0,15,44,0,27,50,102,29,15,24,12,1],
[0,21,1,52,0,0,18,47,0,29,51,103,30,16,25,13,2],
[0,23,3,54,0,0,21,50,0,31,52,104,31,17,26,14,3],
[0,25,5,56,0,0,24,53,0,33,53,105,32,18,27,15,4],
[0,27,8,58,0,0,27,56,0,35,54,106,33,19,28,16,5],
[0,29,11,60,0,0,30,59,0,37,55,107,34,20,29,17,6],
[0,31,14,62,0,0,33,62,0,39,56,108,35,21,30,18,7],
[0,33,17,64,0,0,36,65,0,41,57,109,36,22,31,19,8],
[0,35,20,66,0,1,39,68,0,43,58,110,37,23,32,20,9],
[0,37,23,68,0,2,42,71,0,45,59,111,38,24,33,21,10],
[0,39,26,70,0,3,45,74,0,47,60,112,39,25,34,22,11],
[0,41,29,72,0,5,48,77,0,49,61,113,40,26,35,23,12],
[0,43,32,74,0,7,51,80,0,51,62,114,41,27,36,24,13],
[0,45,35,76,0,9,54,83,0,53,63,115,42,28,37,25,14],
[1,47,38,78,0,11,57,86,0,55,64,116,43,29,38,26,15],
[2,49,41,80,0,13,60,89,0,57,65,117,44,30,39,27,16],
[3,51,44,82,0,15,63,92,0,59,66,118,45,31,40,28,17],
[6,53,47,84,0,17,66,95,1,61,67,119,46,32,41,29,18],
[9,55,50,86,0,19,69,98,2,63,68,120,47,33,42,30,19],
[12,57,53,88,0,21,72,101,3,65,69,121,48,34,43,31,20],
[16,59,56,90,0,23,75,104,5,67,70,122,49,35,44,32,21],
[20,61,59,92,0,25,78,107,7,69,71,123,50,36,45,33,22],
[24,63,62,94,0,27,81,110,9,71,72,124,51,37,46,34,23],
[28,65,65,96,0,29,84,113,11,73,73,125,52,38,47,35,24],
[32,67,68,98,0,31,87,116,13,75,74,126,53,39,48,36,25],
[36,69,71,100,0,33,90,119,15,77,75,127,54,40,49,37,26],
[40,71,74,102,0,35,93,122,17,79,76,128,55,41,50,38,27],
[44,73,77,104,0,37,96,125,19,81,77,129,56,42,51,39,28],
[48,75,80,106,0,39,99,128,21,83,78,130,57,43,52,40,29],
[52,77,83,108,0,41,102,131,23,85,79,131,58,44,53,41,30],
[56,79,86,110,0,43,105,134,25,87,80,132,59,45,54,42,31],
[60,81,89,112,0,45,108,137,27,89,81,133,60,46,55,43,32],
[64,83,92,114,0,47,111,140,29,91,82,134,61,47,56,44,33],
[68,85,95,116,0,49,114,143,31,93,83,135,62,48,57,45,34],
[72,87,98,118,0,51,117,146,33,95,84,136,63,49,58,46,35],
[76,89,101,120,0,53,120,149,35,97,85,137,64,50,59,47,36],
[80,91,104,122,0,55,123,152,37,99,86,138,65,51,60,48,37],
[84,93,107,124,0,57,126,155,39,101,87,139,66,52,61,49,38],
[88,95,110,126,0,59,129,158,41,103,88,140,67,53,62,50,39],
[92,97,113,128,0,61,132,161,43,105,89,141,68,54,63,51,40],
[96,99,116,130,0,63,135,164,45,107,90,142,69,55,64,52,41],
[100,101,119,132,1,65,138,167,47,109,91,143,70,56,65,53,42],
[104,103,122,134,2,67,141,170,49,111,92,144,71,57,66,54,43],
[108,105,125,136,3,69,144,173,51,113,93,145,72,58,67,55,44],
[112,107,128,138,6,71,147,176,53,115,94,146,73,59,68,56,45],
[116,109,131,140,9,73,150,179,55,117,95,147,74,60,69,57,46],
[120,111,134,142,12,75,153,182,57,119,96,148,75,61,70,58,47],
[124,113,137,144,15,77,156,185,59,121,97,149,76,62,71,59,48],
[128,115,140,146,18,79,159,188,61,123,98,150,77,63,72,60,49],
[132,117,143,148,21,81,162,191,63,125,99,151,78,64,73,61,50],
[136,119,146,150,24,83,165,194,65,127,100,152,79,65,74,62,51],
[140,121,149,152,27,85,168,197,67,129,101,153,80,66,75,63,52],
[144,123,152,154,30,87,171,200,69,131,102,154,81,67,76,64,53],
[148,125,155,156,33,89,174,203,71,133,103,155,82,68,77,65,54],
[152,127,158,158,36,91,177,206,73,135,104,156,83,69,78,66,55],
[156,129,161,160,39,93,180,209,75,137,105,157,84,70,79,67,56],
[160,131,164,162,42,95,183,212,77,139,106,158,85,71,80,68,57],
[164,133,167,164,45,97,186,215,79,141,107,159,86,72,81,69,58],
[168,135,170,166,48,99,189,218,81,143,108,160,87,73,82,70,59],
[172,137,173,168,51,101,192,221,83,145,109,161,88,74,83,71,60],
[176,139,176,170,54,103,195,224,85,147,110,162,89,75,84,72,61],
[180,141,179,172,57,105,198,227,87,149,111,163,90,76,85,73,62],
[184,143,182,174,60,107,201,230,89,151,112,164,91,77,86,74,63],
[188,145,185,176,63,109,204,233,91,153,113,165,92,78,87,75,64],
[192,147,188,178,66,111,207,236,93,155,114,166,93,79,88,76,65],
[196,149,191,180,69,113,210,239,95,157,115,167,94,80,89,77,66],
[200,151,194,182,72,115,213,242,97,159,116,168,95,81,90,78,67],
[204,153,197,184,75,117,216,245,99,161,117,169,96,82,91,79,68],
[208,155,200,186,78,119,219,248,101,163,118,170,97,83,92,80,69],
[212,157,203,188,81,121,222,251,103,165,119,171,98,84,93,81,70],
[216,159,206,190,84,123,225,254,105,167,120,172,99,85,94,82,71],
[220,161,209,192,87,125,228,257,107,169,121,173,100,86,95,83,72],
[224,163,212,194,90,127,231,260,109,171,122,174,101,87,96,84,73],
[228,165,215,196,93,129,234,263,111,173,123,175,102,88,97,85,74],
[232,167,218,198,96,131,237,266,113,175,124,176,103,89,98,86,75],
[236,169,221,200,99,133,240,269,115,177,125,177,104,90,99,87,76],
[240,171,224,202,102,135,243,272,117,179,126,178,105,91,100,88,77],
[244,173,227,204,105,137,246,275,119,181,127,179,106,92,101,89,78],
[248,175,230,206,108,139,249,278,121,183,128,180,107,93,102,90,79],
[252,177,233,208,111,141,252,281,123,185,129,181,108,94,103,91,80],
[256,179,236,210,114,143,255,284,125,187,130,182,109,95,104,92,81],
[260,181,239,212,117,145,258,287,127,189,131,183,110,96,105,93,82],
[264,183,242,214,120,147,261,290,129,191,132,184,111,97,106,94,83],
[268,185,245,216,123,149,264,293,131,193,133,185,112,98,107,95,84],
[272,187,248,218,126,151,267,296,133,195,134,186,113,99,108,96,85],
[276,189,251,220,129,153,270,299,135,197,135,187,114,100,109,97,86],
[280,191,254,222,132,155,273,302,137,199,136,188,115,101,110,98,87],
