[0,0,0,0,0,0,0,0,0,0,0,0,0,0,0,0,0],
[0,0,0,0,0,0,0,0,0,0,0,0,0,0,0,0,0],
[0,0,0,0,0,0,0,0,0,0,0,0,0,0,0,0,0],
[0,0,0,0,0,0,0,0,0,0,0,0,0,0,0,0,0],
[0,0,0,0,0,0,0,0,0,0,0,0,0,0,0,0,0],
[0,0,0,0,0,0,0,0,0,0,0,0,0,0,0,0,0],
[0,0,0,0,0,0,0,0,0,0,0,0,0,0,0,0,0],
[0,0,0,0,0,0,0,0,0,0,0,0,0,0,0,0,0],
[0,0,0,0,0,0,0,0,0,0,0,0,0,0,0,0,0],
[0,0,0,0,0,0,0,0,0,0,0,0,0,0,0,0,0],
[0,0,0,0,0,0,0,0,0,0,0,0,0,0,0,0,0],
[0,0,0,0,0,0,0,0,0,0,0,0,0,0,0,0,0],
[0,0,0,0,0,0,0,0,0,0,0,0,0,0,0,0,0],
[0,0,0,0,0,0,0,0,0,0,0,0,0,0,0,0,0],
[0,0,0,0,0,0,0,0,0,0,0,0,0,0,0,0,0],
[0,0,0,0,0,0,0,0,0,0,0,0,0,0,0,0,0],
[0,0,0,0,0,0,0,0,0,0,0,0,0,0,0,0,0],
[0,0,0,0,0,0,0,0,0,0,0,0,0,0,0,0,0],
[0,0,0,0,0,0,0,0,0,0,0,0,0,0,0,0,0],
[0,0,0,0,0,0,0,0,0,0,0,0,0,0,0,0,0],
[0,0,0,0,0,0,0,0,0,0,0,0,0,0,0,0,0],
[0,0,0,0,0,0,0,0,0,0,0,0,0,0,0,0,0],
[0,0,0,0,0,0,0,0,0,0,0,0,0,0,0,0,0],
[0,0,0,0,0,0,0,0,0,0,0,0,0,0,0,0,0],
[0,0,0,0,0,0,0,0,0,0,0,0,0,0,0,0,0],
[0,0,0,0,0,0,0,0,0,0,0,0,0,0,0,0,0],
[0,0,0,0,0,0,0,0,0,0,0,0,0,0,0,0,0],
[0,0,0,0,0,0,0,0,0,0,0,0,0,0,0,0,0],
[0,0,0,0,0,0,0,0,0,0,0,0,0,0,0,0,0],
[0,0,0,0,0,0,0,0,0,0,0,0,0,0,0,0,0],
[0,0,0,0,0,0,0,0,0,0,0,0,0,0,0,0,0],
[0,0,0,0,0,0,0,0,0,0,0,0,0,0,0,0,0],
[0,0,0,0,0,0,0,0,0,0,0,0,0,0,0,0,0],
[0,0,0,0,0,0,0,0,0,0,0,0,0,0,0,0,0],
[0,0,0,0,0,0,0,0,0,0,0,0,0,0,0,0,0],
[0,0,0,0,0,0,0,0,0,0,0,0,0,0,0,0,0],
[0,0,0,0,0,0,0,0,0,0,0,0,0,0,0,0,0],
[0,0,0,0,0,0,0,0,0,0,0,0,0,0,0,0,0],
[0,0,0,0,0,0,0,0,0,0,0,0,0,0,0,0,0],
[0,0,0,0,0,0,0,0,0,0,0,0,0,0,0,0,0],
[0,0,0,0,0,0,0,0,0,0,0,0,0,0,0,0,0],
[0,0,0,0,0,0,0,0,0,0,0,0,0,0,0,0,0],
[0,0,0,0,0,0,0,0,0,0,0,0,0,0,0,0,0],
[0,0,0,0,0,0,0,0,0,0,0,0,0,0,0,0,0],
[0,0,0,0,0,0,0,0,0,0,0,0,0,0,0,0,0],
[0,0,0,0,0,0,0,0,0,0,0,0,0,0,0,0,0],
[0,0,0,0,0,0,0,0,0,0,0,0,0,0,0,0,0],
[0,0,0,0,0,0,0,0,0,0,0,0,0,0,0,0,0],
[0,0,0,0,0,0,0,0,0,0,0,0,0,0,0,0,0],
[0,0,0,0,0,0,0,0,0,0,0,0,0,0,0,0,0],
[0,0,0,0,0,0,0,0,0,0,0,0,0,0,0,0,0],
[0,0,0,0,0,0,0,0,0,0,0,0,0,0,0,0,0],
[0,0,0,0,0,0,0,0,0,0,0,0,0,0,0,0,0],
[0,0,0,0,0,0,0,0,0,0,0,0,0,0,0,0,0],
[0,0,0,0,0,0,0,0,0,0,0,1,0,0,0,0,0],
[0,0,0,0,0,0,0,0,0,0,0,2,0,0,0,0,0],
[0,0,0,0,0,0,0,0,0,0,0,3,0,0,0,0,0],
[0,0,0,0,0,0,0,0,0,0,0,4,0,0,0,0,0],
[0,0,0,0,0,0,0,0,0,0,0,5,0,0,0,0,0],
[0,0,0,0,0,0,0,0,0,0,0,6,0,0,0,0,0],
[0,0,0,0,0,0,0,0,0,0,0,7,0,0,0,0,0],
[0,0,0,0,0,0,0,0,0,0,0,8,0,0,0,0,0],
[0,0,0,0,0,0,0,0,0,0,0,9,0,0,0,0,0],
[0,0,0,0,0,0,0,0,0,0,0,10,0,0,0,0,0],
[0,0,0,0,0,0,0,0,0,0,0,11,0,0,0,0,0],
[0,0,0,0,0,0,0,0,0,0,0,12,0,0,0,0,0],
[0,0,0,0,0,0,0,0,0,0,0,13,0,0,0,0,0],
[0,0,0,0,0,0,0,0,0,0,0,14,0,0,0,0,0],
[0,0,0,0,0,0,0,0,0,0,0,15,0,0,0,0,0],
[0,0,0,0,0,0,0,0,0,0,0,16,0,0,0,0,0],
[0,0,0,0,0,0,0,0,0,0,0,17,0,0,0,0,0],
[0,0,0,0,0,0,0,0,0,0,0,18,0,0,0,0,0],
[0,0,0,0,0,0,0,0,0,0,0,19,0,0,0,0,0],
[0,0,0,0,0,0,0,0,0,0,0,20,0,0,0,0,0],
[0,0,0,0,0,0,0,0,0,0,0,21,0,0,0,0,0],
[0,0,0,0,0,0,0,0,0,0,0,22,0,0,0,0,0],
[0,0,0,0,0,0,0,0,0,0,0,23,0,0,0,0,0],
[0,0,0,0,0,0,0,0,0,0,0,24,0,0,0,0,0],
[0,0,0,0,0,0,0,0,0,0,0,25,0,0,0,0,0],
[0,0,0,0,0,0,0,0,0,0,0,26,0,0,0,0,0],
[0,0,0,0,0,0,0,0,0,0,0,27,0,0,0,0,0],
[0,0,0,0,0,0,0,0,0,0,0,28,0,0,0,0,0],
[0,0,0,0,0,0,0,0,0,0,0,29,0,0,0,0,0],
[0,0,0,0,0,0,0,0,0,0,0,30,0,0,0,0,0],
[0,0,0,0,0,0,0,0,0,0,0,31,0,0,0,0,0],
[0,0,0,0,0,0,0,0,0,0,0,32,0,0,0,0,0],
[0,0,0,0,0,0,0,0,0,0,0,33,0,0,0,0,0],
[0,0,0,0,0,0,0,0,0,0,0,34,0,0,0,0,0],
[0,0,0,0,0,0,0,0,0,0,0,35,0,0,0,0,0],
[0,0,0,0,0,0,0,0,0,0,0,36,0,0,0,0,0],
[0,0,0,0,0,0,0,0,0,0,0,37,0,0,0,0,0],
[0,0,0,0,0,0,0,0,0,0,0,38,0,0,0,0,0],
[0,0,0,0,0,0,0,0,0,0,0,39,0,0,0,0,0],
[0,0,0,0,0,0,0,0,0,0,0,40,0,0,0,0,0],
[0,0,0,0,0,0,0,0,0,0,0,41,0,0,0,0,0],
[0,0,0,0,0,0,0,0,0,0,0,42,0,0,0,0,0],
[0,0,0,0,0,0,0,0,0,0,0,43,0,0,0,0,0],
[0,0,0,0,0,0,0,0,0,0,0,44,0,0,0,0,0],
[0,0,0,0,0,0,0,0,0,0,0,45,0,0,0,0,0],
[0,0,0,0,0,0,0,0,0,0,0,46,0,0,0,0,0],
[0,0,0,0,0,0,0,0,0,0,0,47,0,0,0,0,0],
[0,0,0,0,0,0,0,0,0,0,1,48,0,0,0,0,0],
[0,0,0,0,0,0,0,0,0,0,2,49,0,0,0,0,0],
[0,0,0,0,0,0,0,0,0,0,4,50,0,0,0,0,0],
[0,0,0,0,0,0,0,0,0,0,6,51,0,0,0,0,0],
[0,0,0,0,0,0,0,0,0,0,8,52,0,0,0,0,0],
[0,0,0,0,0,0,0,0,0,0,10,53,0,0,0,0,0],
[0,0,0,0,0,0,0,0,0,0,12,54,0,0,0,0,0],
[0,0,0,0,0,0,0,0,0,0,14,55,0,0,0,0,0],
[0,0,0,0,0,0,0,0,0,0,16,56,0,0,0,0,0],
[0,0,0,0,0,0,0,0,0,0,18,57,0,0,0,0,0],
[0,0,0,0,0,0,0,0,0,0,20,58,0,0,0,0,0],
[0,0,0,0,0,0,0,0,0,0,22,59,0,0,0,0,0],
[0,0,0,0,0,0,0,0,0,0,24,60,0,0,0,0,0],
[0,0,0,0,0,0,0,0,0,0,26,61,0,0,0,0,0],
[0,0,0,0,0,0,0,0,0,0,28,62,0,0,0,0,0],
[0,0,0,0,0,0,0,0,0,0,30,63,0,0,0,0,0],
[0,0,0,0,0,0,0,0,0,0,32,64,0,0,0,0,0],
[0,0,0,0,0,0,0,0,0,0,34,65,0,0,0,0,0],
[0,0,0,0,0,0,0,0,0,0,36,66,0,0,0,0,0],
[0,0,0,0,0,0,0,0,0,0,38,67,0,0,0,0,0],
[0,0,0,0,0,0,0,0,0,0,40,68,0,0,0,0,0],
[0,0,0,0,0,0,0,0,0,0,42,69,0,0,0,0,0],
[0,0,0,1,0,0,0,0,0,0,44,70,0,0,0,0,0],
[0,0,0,2,0,0,0,0,0,0,46,71,0,0,0,0,0],
[0,0,0,4,0,0,0,0,0,0,48,72,0,0,0,0,0],
[0,0,0,6,0,0,0,0,0,0,50,73,0,0,0,0,0],
[0,0,0,8,0,0,0,0,0,0,52,74,0,0,0,0,0],
[0,0,0,10,0,0,0,0,0,0,54,75,0,0,0,0,0],
[0,0,0,12,0,0,0,0,0,0,56,76,1,0,0,0,0],
[0,0,0,14,0,0,0,0,0,0,58,77,2,0,0,0,0],
[0,0,0,16,0,0,0,0,0,0,60,78,3,0,0,0,0],
[0,0,0,18,0,0,0,0,0,0,62,79,4,0,0,0,0],
[0,0,0,20,0,0,0,1,0,0,64,80,5,0,0,0,0],
[0,0,0,22,0,0,0,3,0,1,66,81,6,0,1,0,0],
[0,0,0,24,0,0,0,5,0,2,68,82,7,0,2,0,0],
[0,0,0,26,0,0,0,8,0,3,70,83,8,0,4,0,0],
[0,0,0,28,0,0,0,11,0,5,72,84,9,0,6,0,0],
[0,1,0,30,0,0,0,14,0,7,74,85,10,0,8,0,0],
[0,2,0,32,0,0,0,17,0,9,76,86,11,0,10,0,0],
[0,3,0,34,0,0,0,20,0,11,78,87,12,0,12,0,0],
[0,5,0,36,0,0,1,23,0,13,80,88,13,0,14,0,0],
[0,7,0,38,0,0,2,26,0,15,82,89,14,0,16,0,0],
[0,9,0,40,0,0,3,29,0,17,84,90,15,1,18,0,0],
[0,11,0,42,0,0,5,32,0,19,86,91,16,2,20,0,0],
[0,13,0,44,0,0,7,35,0,21,88,92,17,4,22,0,0],
[0,15,0,46,0,0,9,38,0,23,90,93,18,6,24,0,0],
[0,17,0,48,0,0,12,41,0,25,92,94,19,8,26,0,0],
[0,19,0,50,0,0,15,44,0,27,94,95,20,10,28,1,0],
[0,21,1,52,0,0,18,47,0,29,96,96,21,12,30,2,0],
[0,23,3,54,0,0,21,50,0,31,98,97,22,14,32,3,0],
[0,25,5,56,0,0,24,53,0,33,100,98,23,16,34,4,0],
[0,27,8,58,0,0,27,56,0,35,102,99,24,18,36,5,0],
[0,29,11,60,0,0,30,59,0,37,104,100,25,20,38,6,0],
[0,31,14,62,0,0,33,62,0,39,106,101,26,22,40,7,0],
[0,33,17,64,0,0,36,65,0,41,108,102,27,24,42,8,0],
[0,35,20,66,0,1,39,68,0,43,110,103,28,26,44,9,0],
[0,37,23,68,0,2,42,71,0,45,112,104,29,28,46,10,0],
[0,39,26,70,0,3,45,74,0,47,114,105,30,30,48,11,0],
[0,41,29,72,0,5,48,77,0,49,116,106,31,32,50,12,1],
[0,43,32,74,0,7,51,80,0,51,118,107,32,34,52,13,2],
[0,45,35,76,0,9,54,83,0,53,120,108,33,36,54,14,3],
[1,47,38,78,0,11,57,86,0,55,122,109,34,38,56,15,4],
[2,49,41,80,0,13,60,89,0,57,124,110,35,40,58,16,5],
[3,51,44,82,0,15,63,92,0,59,126,111,36,42,60,17,6],
[6,53,47,84,0,17,66,95,1,61,128,112,37,44,62,18,7],
[9,55,50,86,0,19,69,98,2,63,130,113,38,46,64,19,8],
[12,57,53,88,0,21,72,101,3,65,132,114,39,48,66,20,9],
[16,59,56,90,0,23,75,104,5,67,134,115,40,50,68,21,10],
[20,61,59,92,0,25,78,107,7,69,136,116,41,52,70,22,11],
[24,63,62,94,0,27,81,110,9,71,138,117,42,54,72,23,12],
[28,65,65,96,0,29,84,113,11,73,140,118,43,56,74,24,13],
[32,67,68,98,0,31,87,116,13,75,142,119,44,58,76,25,14],
[36,69,71,100,0,33,90,119,15,77,144,120,45,60,78,26,15],
[40,71,74,102,0,35,93,122,17,79,146,121,46,62,80,27,16],
[44,73,77,104,0,37,96,125,19,81,148,122,47,64,82,28,17],
[48,75,80,106,0,39,99,128,21,83,150,123,48,66,84,29,18],
[52,77,83,108,0,41,102,131,23,85,152,124,49,68,86,30,19],
[56,79,86,110,0,43,105,134,25,87,154,125,50,70,88,31,20],
[60,81,89,112,0,45,108,137,27,89,156,126,51,72,90,32,21],
[64,83,92,114,0,47,111,140,29,91,158,127,52,74,92,33,22],
[68,85,95,116,0,49,114,143,31,93,160,128,53,76,94,34,23],
[72,87,98,118,0,51,117,146,33,95,162,129,54,78,96,35,24],
[76,89,101,120,0,53,120,149,35,97,164,130,55,80,98,36,25],
[80,91,104,122,0,55,123,152,37,99,166,131,56,82,100,37,26],
[84,93,107,124,0,57,126,155,39,101,168,132,57,84,102,38,27],
[88,95,110,126,0,59,129,158,41,103,170,133,58,86,104,39,28],
[92,97,113,128,0,61,132,161,43,105,172,134,59,88,106,40,29],
[96,99,116,130,0,63,135,164,45,107,174,135,60,90,108,41,30],
[100,101,119,132,0,65,138,167,47,109,176,136,61,92,110,42,31],
[104,103,122,134,0,67,141,170,49,111,178,137,62,94,112,43,32],
[108,105,125,136,0,69,144,173,51,113,180,138,63,96,114,44,33],
[112,107,128,138,1,71,147,176,53,115,182,139,64,98,116,45,34],
[116,109,131,140,2,73,150,179,55,117,184,140,65,100,118,46,35],
[120,111,134,142,3,75,153,182,57,119,186,141,66,102,120,47,36],
[124,113,137,144,6,77,156,185,59,121,188,142,67,104,122,48,37],
[128,115,140,146,9,79,159,188,61,123,190,143,68,106,124,49,38],
[132,117,143,148,12,81,162,191,63,125,192,144,69,108,126,50,39],
[136,119,146,150,15,83,165,194,65,127,194,145,70,110,128,51,40],
[140,121,149,152,18,85,168,197,67,129,196,146,71,112,130,52,41],
[144,123,152,154,21,87,171,200,69,131,198,147,72,114,132,53,42],
[148,125,155,156,24,89,174,203,71,133,200,148,73,116,134,54,43],
[152,127,158,158,27,91,177,206,73,135,202,149,74,118,136,55,44],
[156,129,161,160,30,93,180,209,75,137,204,150,75,120,138,56,45],
[160,131,164,162,33,95,183,212,77,139,206,151,76,122,140,57,46],
[164,133,167,164,36,97,186,215,79,141,208,152,77,124,142,58,47],
[168,135,170,166,39,99,189,218,81,143,210,153,78,126,144,59,48],
[172,137,173,168,42,101,192,221,83,145,212,154,79,128,146,60,49],
[176,139,176,170,45,103,195,224,85,147,214,155,80,130,148,61,50],
[180,141,179,172,48,105,198,227,87,149,216,156,81,132,150,62,51],
[184,143,182,174,51,107,201,230,89,151,218,157,82,134,152,63,52],
[188,145,185,176,54,109,204,233,91,153,220,158,83,136,154,64,53],
[192,147,188,178,57,111,207,236,93,155,222,159,84,138,156,65,54],
[196,149,191,180,60,113,210,239,95,157,224,160,85,140,158,66,55],
[200,151,194,182,63,115,213,242,97,159,226,161,86,142,160,67,56],
[204,153,197,184,66,117,216,245,99,161,228,162,87,144,162,68,57],
[208,155,200,186,69,119,219,248,101,163,230,163,88,146,164,69,58],
[212,157,203,188,72,121,222,251,103,165,232,164,89,148,166,70,59],
[216,159,206,190,75,123,225,254,105,167,234,165,90,150,168,71,60],
[220,161,209,192,78,125,228,257,107,169,236,166,91,152,170,72,61],
[224,163,212,194,81,127,231,260,109,171,238,167,92,154,172,73,62],
[228,165,215,196,84,129,234,263,111,173,240,168,93,156,174,74,63],
[232,167,218,198,87,131,237,266,113,175,242,169,94,158,176,75,64],
[236,169,221,200,90,133,240,269,115,177,244,170,95,160,178,76,65],
[240,171,224,202,93,135,243,272,117,179,246,171,96,162,180,77,66],
[244,173,227,204,96,137,246,275,119,181,248,172,97,164,182,78,67],
[248,175,230,206,99,139,249,278,121,183,250,173,98,166,184,79,68],
[252,177,233,208,102,141,252,281,123,185,252,174,99,168,186,80,69],
[256,179,236,210,105,143,255,284,125,187,254,175,100,170,188,81,70],
[260,181,239,212,108,145,258,287,127,189,256,176,101,172,190,82,71],
[264,183,242,214,111,147,261,290,129,191,258,177,102,174,192,83,72],
[268,185,245,216,114,149,264,293,131,193,260,178,103,176,194,84,73],
[272,187,248,218,117,151,267,296,133,195,262,179,104,178,196,85,74],
[276,189,251,220,120,153,270,299,135,197,264,180,105,180,198,86,75],
[280,191,254,222,123,155,273,302,137,199,266,181,106,182,200,87,76],
[284,193,257,224,126,157,276,305,139,201,268,182,107,184,202,88,77],
[288,195,260,226,129,159,279,308,141,203,270,183,108,186,204,89,78],
[292,197,263,228,132,161,282,311,143,205,272,184,109,188,206,90,79],
[296,199,266,230,135,163,285,314,145,207,274,185,110,190,208,91,80],
[300,201,269,232,138,165,288,317,147,209,276,186,111,192,210,92,81],
